7161931671
9856301516
9591083378
3705370165
6711078942
8525127017
5969688313
1533082745
8941197803
5993639740
5171573012
1538149184
6930933835
8176529019
9677699998
0171062349
6848175518
4674606627
4675949793
2651299235
2415880295
2505951341
0321045057
1826809499
5640146638
2250517894
4694560313
7083702943
5955075710
1098691098
2882787826
3737584629
5702471036
7742414967
3304669002
5187672349
6635804142
3576549146
9742723297
9557032290
3360744050
4248580673
2177057660
7246233783
6057210392
2324840484
8485072795
2070867470
9830505316
2238649586